253	16	12	10	35	23	42	7	7306
131	66	38	126	0	8	9	4	2945
100	90	31	7	55	26	24	3	11027
496	27	24	22	14	9	18	8	3102
24	13	37	40	50	6	31	25	5552
297	27	10	4	26	37	29	9	11157
9	12	10	1	11	76	10	47	844
92	31	8	8	52	35	32	15	53748
62	18	67	48	29	27	6	23	5816
159	35	23	45	6	56	12	12	984
50	14	26	42	9	74	5	22	19876
80	109	4	82	11	6	33	8	27746
116	83	34	28	16	51	10	9	2522
229	16	39	31	8	11	48	10	54261
5	10	80	88	24	16	1	23	6478
99	12	112	3	22	24	21	19	22010
131	9	10	65	11	3	0	64	2878
94	10	11	24	25	11	26	51	236
210	11	44	42	79	6	3	5	12185
131	3	26	22	27	54	18	17	3613
77	75	106	15	17	2	46	0	33446
114	2	105	34	42	2	31	2	10654
186	9	6	10	31	22	45	20	8310
13	1	11	64	31	20	35	25	1234
168	71	24	45	21	30	15	9	3377
123	63	63	5	31	18	33	9	48038
1	126	57	11	19	27	29	12	2185
41	10	191	14	25	18	3	10	25272
203	109	15	10	2	6	16	45	2274
15	18	84	9	43	3	12	46	4905
100	32	15	31	10	73	29	0	910
347	112	0	3	70	10	1	3	12653
162	22	6	11	46	27	20	28	3046
69	9	60	16	27	73	0	15	2980
279	207	7	3	1	9	33	1	8852
197	11	27	50	26	3	40	12	27879
235	45	24	29	26	0	43	10	6519
140	4	2	46	109	3	5	11	2165
18	10	74	115	42	5	8	1	230
117	12	15	20	39	9	67	5	16306
10	29	72	12	72	12	20	15	7026
1	110	142	1	15	31	16	0	7413
142	187	15	13	27	31	6	6	19146
111	63	7	75	16	2	42	10	26449
140	75	43	17	41	1	18	25	1388
84	143	1	15	29	63	4	5	5262
40	136	2	0	40	27	24	22	6911
161	68	4	43	32	51	3	7	1976
176	45	47	29	48	11	5	20	16997
21	11	35	3	88	60	8	1	3704
248	52	57	1	17	9	34	15	1838
174	101	18	45	6	3	50	2	37057
51	72	48	3	35	13	12	42	4579
2	31	9	5	21	19	34	57	12493
68	38	16	13	39	19	49	16	1138
73	117	29	34	15	49	3	13	15742
80	83	51	34	34	2	5	34	4361
29	26	73	40	15	32	15	24	9267
384	15	84	12	0	13	32	1	3235
86	112	3	108	13	15	2	13	2384
14	103	6	25	49	3	25	31	1148
30	51	14	54	43	29	27	7	12125
151	5	67	31	1	51	13	17	1052
38	1	141	10	26	11	35	10	265
38	1	141	10	26	11	35	10	265
38	1	141	10	26	11	35	10	263
38	1	141	10	26	11	35	10	287
26	68	44	9	41	6	43	19	1964
18	29	42	4	82	6	32	17	519
18	29	42	4	82	6	32	17	511
42	66	8	3	17	31	9	60	9594
122	146	11	9	10	41	27	7	1278
197	55	47	3	4	37	14	28	6133
24	65	68	34	11	78	1	0	25344
164	33	170	8	20	3	2	15	20897
242	56	3	2	32	67	5	7	7390
272	4	2	20	45	24	23	16	48618
222	40	66	1	71	16	3	6	866
290	2	12	4	3	72	33	0	28980
13	119	5	34	46	4	0	46	2274
9	18	10	4	47	19	16	59	30592
279	24	27	44	9	15	7	32	6884
12	6	1	58	77	26	16	14	537
12	6	1	58	77	26	16	14	523
38	158	4	33	17	24	15	24	80961
242	18	63	75	6	9	11	12	5168
441	10	68	6	12	0	29	9	11493
80	59	1	78	20	3	31	22	1851
166	4	73	52	10	2	47	4	10846
122	17	55	86	5	8	10	27	6944
130	19	94	42	16	28	10	11	3427
308	31	3	44	1	33	14	21	17091
34	35	123	87	0	5	19	5	985
65	11	3	1	60	47	18	27	10558
41	133	85	41	17	0	27	3	13097
41	9	38	115	45	3	4	15	41906
258	13	9	12	8	0	63	23	28642
278	2	62	0	4	52	32	0	851
278	2	62	0	4	52	32	0	899
531	7	36	6	20	15	11	10	2625
19	66	37	33	32	2	54	10	4133
63	99	11	3	16	81	8	12	3085
48	29	51	36	38	3	59	0	8151
182	16	67	14	11	21	28	22	10292
122	0	5	6	25	42	18	45	18570
42	38	1	82	27	12	32	18	20535
45	60	16	14	34	24	23	35	18470
164	20	3	37	27	27	34	16	4754
124	24	73	76	60	0	3	1	69183
74	79	8	35	44	33	30	0	5428
18	10	13	98	15	18	12	36	40877
30	25	9	1	44	2	71	23	14840
61	216	20	24	0	0	17	32	12204
24	19	37	12	40	73	3	18	1205
62	11	104	25	7	3	53	13	6907
68	30	2	51	18	4	4	68	854
178	124	17	5	19	9	30	21	4633
9	144	6	30	7	26	10	41	4622
127	97	20	0	1	69	16	14	3166
157	112	19	1	87	7	15	0	3053
19	14	6	11	64	10	17	52	10534
6	3	31	68	12	9	59	15	9031
56	5	122	0	37	3	51	4	37790
35	295	15	2	17	6	7	22	17926
151	38	82	2	34	17	25	12	3471
199	72	3	88	9	8	13	17	3779
0	130	35	19	8	11	67	1	1408
121	43	61	27	1	21	45	10	6945
20	31	2	87	1	20	9	50	3968
269	36	5	44	73	7	3	8	21288
2	76	7	46	59	7	0	41	3119
311	73	22	18	12	4	15	30	44615
65	236	16	14	43	6	4	13	7417
18	144	53	37	23	21	14	9	35091
330	95	28	12	32	13	10	8	6547
14	14	56	93	9	2	47	7	7276
42	1	88	11	19	23	9	47	1303
30	83	19	15	57	27	32	5	22972
174	16	18	26	48	46	0	18	7117
382	87	26	3	13	26	3	17	1472
97	0	22	10	40	7	37	40	20435
2	21	155	4	26	15	1	34	3932
53	13	29	38	37	26	3	43	2927
244	46	84	9	12	7	30	11	3458
129	11	52	94	19	6	22	7	854
59	116	5	3	45	35	25	12	691
59	116	5	3	45	35	25	12	724
42	15	95	29	42	32	3	16	12584
119	48	18	7	29	55	28	7	26628
73	77	36	28	21	24	16	27	16045
78	253	6	0	3	25	7	26	3716
138	79	66	31	3	16	1	36	1907
19	54	14	17	15	4	40	51	18389
93	10	4	15	80	26	21	17	5881
267	24	40	30	7	14	18	28	4568
84	71	3	17	9	17	50	28	13399
123	59	29	43	21	4	45	10	5843
5	5	11	31	3	76	35	17	1997
33	21	24	10	9	38	36	39	616
138	30	75	98	1	22	0	9	10803
90	39	88	12	58	5	16	14	3870
578	22	5	9	7	49	2	1	2592
100	30	22	34	23	16	29	31	1228
215	104	5	39	34	3	30	4	3219
131	49	11	71	15	3	47	7	43536
51	121	1	60	45	10	5	21	2657
61	35	3	68	0	45	34	13	518
61	35	3	68	0	45	34	13	449
146	181	30	3	8	2	14	33	21516
435	48	29	53	3	4	21	1	4167
58	291	18	38	5	9	5	8	19285
6	18	52	40	18	14	60	9	2878
413	76	82	4	27	3	4	2	45675
2	17	85	44	30	24	33	4	631
70	0	25	13	4	30	13	67	4507
63	9	79	1	36	39	24	15	8584
191	98	30	29	24	10	5	27	23986
428	83	17	2	5	53	4	0	10679
123	71	45	77	11	6	15	15	184
123	71	45	77	11	6	15	15	184
123	71	45	77	11	6	15	15	185
123	71	45	77	11	6	15	15	184
123	71	45	77	11	6	15	15	181
379	59	21	18	0	36	0	22	24346
1	90	3	91	53	2	7	18	6552
281	2	18	9	1	69	2	27	2311
32	31	18	75	32	19	42	1	1462
80	191	27	2	31	20	10	16	4568
58	12	168	10	17	19	9	17	794
253	79	27	10	14	31	28	5	13612
116	23	124	0	41	5	33	3	12607
298	3	38	26	21	14	7	33	2860
32	55	10	14	24	33	42	23	877
176	198	7	25	26	7	9	12	490
176	198	7	25	26	7	9	12	513
257	66	7	5	48	9	20	20	35590
11	34	66	13	1	48	54	3	18697
13	43	73	99	25	7	9	10	26619
86	3	34	58	17	0	7	58	51427
94	49	2	27	43	15	35	21	618
2	37	45	9	27	30	34	28	6332
21	18	44	47	13	23	20	38	6110
0	140	7	77	8	14	5	32	24153
42	61	7	66	50	14	15	17	686
5	68	30	0	56	58	19	4	16860
135	13	4	49	81	8	14	13	792
135	13	4	49	81	8	14	13	786
158	170	51	19	22	4	5	16	7083
112	24	12	8	68	19	2	41	3309
